[iter 0]:[0.0245 0.017  0.0241],[0 0 0],[0.4068 0.345  0.2854],[0.647  0.571  0.4802],[0.81   0.739  0.6439],[0.0796 0.0704 0.0821],[0.2549 0.2275 0.2549],[0.181  0.1636 0.1666]
[iter 1]:[0.0318 0.0226 0.0306],[0.0066 0.003  0.0078],[0.4508 0.3793 0.3049],[0.6395 0.5633 0.4729],[0.7914 0.7195 0.624 ],[0.0818 0.0728 0.0848],[0.2702 0.2418 0.2314],[0.1745 0.1576 0.1609]
[iter 2]:[0.0374 0.0276 0.036 ],[0.0093 0.0048 0.0102],[0.4709 0.3981 0.3209],[0.6379 0.5615 0.4713],[0.7818 0.7096 0.6141],[0.0846 0.0757 0.088 ],[0.2859 0.2498 0.2287],[0.1707 0.1551 0.1603]
[iter 3]:[0.0419 0.0319 0.0402],[0.0113 0.0062 0.0124],[0.4822 0.4091 0.3306],[0.6392 0.5626 0.4721],[0.7789 0.7066 0.6112],[0.0875 0.0786 0.0912],[0.2975 0.2575 0.2312],[0.1718 0.1564 0.1617]
[iter 4]:[0.0455 0.0354 0.0439],[0.0129 0.0075 0.0138],[0.4908 0.4172 0.3381],[0.6415 0.5649 0.4742],[0.7781 0.7057 0.6103],[0.0905 0.0816 0.0942],[0.31   0.2663 0.2346],[0.1758 0.1601 0.1655]
[iter 5]:[0.0482 0.038  0.0467],[0.0142 0.0085 0.015 ],[0.497  0.423  0.3434],[0.644  0.5673 0.4764],[0.7789 0.7066 0.6112],[0.0936 0.0845 0.0969],[0.3208 0.2744 0.2386],[0.1815 0.1652 0.1699]
[iter 6]:[0.0498 0.0397 0.0487],[0.0149 0.009  0.0154],[0.5028 0.4285 0.3483],[0.6464 0.5698 0.4788],[0.7795 0.7071 0.6117],[0.0966 0.0873 0.0998],[0.3297 0.2807 0.2414],[0.1863 0.1697 0.174 ]
[iter 7]:[0.0514 0.0413 0.0503],[0.0152 0.0093 0.0157],[0.5086 0.434  0.353 ],[0.6487 0.5722 0.481 ],[0.78   0.7077 0.6123],[0.0996 0.0902 0.1026],[0.34   0.2883 0.245 ],[0.1913 0.1743 0.1782]
[iter 8]:[0.0533 0.0431 0.0524],[0.0159 0.0099 0.0164],[0.513  0.4383 0.357 ],[0.6509 0.5743 0.483 ],[0.7809 0.7087 0.6133],[0.1026 0.093  0.1051],[0.3484 0.2944 0.2478],[0.1958 0.1786 0.182 ]
[iter 9]:[0.0551 0.0448 0.0542],[0.0165 0.0104 0.0169],[0.5176 0.4426 0.3607],[0.6529 0.5763 0.485 ],[0.7818 0.7096 0.6141],[0.1056 0.096  0.1084],[0.3556 0.3    0.251 ],[0.2001 0.1823 0.185 ]
[iter 10]:[0.057  0.0467 0.0561],[0.0169 0.0107 0.0174],[0.5217 0.4466 0.3644],[0.6556 0.5791 0.4876],[0.7834 0.7113 0.6157],[0.1092 0.0994 0.1116],[0.3635 0.3059 0.2538],[0.2054 0.1868 0.1886]
[iter 11]:[0.059  0.0485 0.0581],[0.0175 0.0113 0.0181],[0.5258 0.4507 0.3682],[0.6579 0.5814 0.4898],[0.7842 0.7121 0.6166],[0.1122 0.1025 0.1146],[0.3714 0.312  0.2568],[0.2112 0.1913 0.1918]
[iter 12]:[0.0601 0.0497 0.0595],[0.0179 0.0117 0.0184],[0.5294 0.4541 0.3715],[0.6594 0.5829 0.4911],[0.7847 0.7127 0.6172],[0.1148 0.1049 0.1171],[0.3795 0.3181 0.2601],[0.2162 0.1955 0.1949]
[iter 13]:[0.0608 0.0507 0.0609],[0.0181 0.0117 0.0184],[0.5325 0.4572 0.3742],[0.6616 0.585  0.4931],[0.7862 0.7143 0.6188],[0.1185 0.1082 0.1196],[0.386  0.3231 0.2627],[0.2207 0.1995 0.1984]
[iter 14]:[0.0621 0.052  0.0621],[0.0185 0.012  0.0188],[0.5364 0.4609 0.3774],[0.6639 0.5874 0.4954],[0.7876 0.7157 0.6201],[0.1214 0.111  0.1225],[0.3921 0.3278 0.2655],[0.2254 0.2034 0.2013]
[iter 15]:[0.0628 0.0528 0.063 ],[0.0186 0.0121 0.019 ],[0.5401 0.4645 0.3809],[0.6662 0.5898 0.4976],[0.7891 0.7172 0.6217],[0.1241 0.1134 0.1243],[0.3979 0.3325 0.2684],[0.2291 0.2063 0.2035]
[iter 16]:[0.0641 0.0541 0.0643],[0.0191 0.0127 0.0196],[0.5437 0.4682 0.3846],[0.6683 0.5918 0.4993],[0.7897 0.7178 0.6223],[0.1263 0.1153 0.1262],[0.4031 0.3368 0.2712],[0.2331 0.2096 0.2058]
[iter 17]:[0.0648 0.055  0.0654],[0.0193 0.0127 0.0196],[0.5468 0.4714 0.3876],[0.6699 0.5934 0.5008],[0.7905 0.7186 0.6232],[0.1289 0.1178 0.1284],[0.4085 0.3411 0.2739],[0.2367 0.2125 0.2078]
[iter 18]:[0.066  0.0563 0.0669],[0.0198 0.0131 0.0199],[0.5501 0.4745 0.3904],[0.6716 0.5952 0.5026],[0.7914 0.7195 0.624 ],[0.1312 0.1199 0.1304],[0.4132 0.3452 0.277 ],[0.2403 0.2152 0.2093]
[iter 19]:[0.0662 0.0566 0.0673],[0.02   0.0132 0.0199],[0.5525 0.477  0.3926],[0.6728 0.5965 0.5038],[0.7923 0.7204 0.6249],[0.1328 0.1215 0.132 ],[0.4173 0.3488 0.28  ],[0.2443 0.218  0.2105]
